Reacoes de apoio [N]
[3900.00220546 2899.99736372 1599.99706971]

Deslocamentos [m]
[ 0.          0.          0.00100474 -0.00431173  0.00035977 -0.00466312
  0.00025974 -0.00443927  0.00055859 -0.00463758 -0.00032427 -0.00424778
  0.00116451  0.        ]

Deformacoes []
[-0.00639515 -0.00449315 -0.00377645 -0.00352836 -0.00075561  0.00075561
  0.00191125 -0.00191125  0.00187379  0.00103551  0.00315586]

Forcas internas [N]
[-6484.59123986 -4555.9829687  -3829.26043194 -3577.70221166
  -766.17737152   766.1765397   1937.98228402 -1937.98384069
  1899.99252199  1049.99480345  3199.99413941]

Tensoes internas [Pa]
[-1.23516024e+09 -8.67806280e+08 -7.29382939e+08 -6.81467088e+08
 -1.45938547e+08  1.45938389e+08  3.69139483e+08 -3.69139779e+08
  3.61903338e+08  1.99999010e+08  6.09522693e+08]
